00:19:15 12345670
F4:3E:61 12345670
00:1F:A4 12345670
F8:1B:FA 12345670
F8:ED:80 12345670
F8:7F:35 12345670
F8:C3:46 12345670
F8:63:94 12345670
F8:8B:86 12345670
F8:FB:56 12345670
F8:BF:53 12345670
18:4F:32 12345670
1C:A5:32 12345670
64:D9:54 12345670
78:D9:9F 12345670
C4:17:FE 12345670
D0:0E:D9 12345670
D0:0F:6D 12345670
20:89:86 12345670
40:4A:03 11866428
00:38:72 18836486
FC:F5:28 20329761
04:8D:38 71537573
5A:8E:85 16259553
00:0C:43 54768642
30:39:F2 13409708,16538061,16702738,18355604,19756967,43297917,73767053,88202907
DC:0B:1A 13409708,16538061,16702738,18355604,19756967,43297917,73767053,88202907
74:88:8B 13409708,16538061,16702738,18355604,19756967,43297917,73767053,88202907
A4:52:6F 13409708,16538061,16702738,18355604,19756967,43297917,73767053,88202907
00:1A:2B 88478760,77775078,51340865,21143892,16495265
D8:61:94 71537573,10009321,31348034,18794786,15738370
E4:C1:46 71537573,10009321,31348034,18794786,15738370
5C:35:3B 95755212,64874487,58945537,79082020,12345670
DC:53:7C 95755212,64874487,58945537,79082020,12345670
F8:8E:85 19117652,16035232,20172527,49385052
00:72:63 74703128,78019607,84146960,83492884,46864406,46864406,46864406,52689772,88582115,17452809,93591270,59365662,87993608,15235985,00412865,57392646,63541571,52439001,17805612,01680065,17860840,22134240,43254248,93069038,49406245,24109369,74995950,93361873,74420599,12345670,20172527,46264848,76229909,62327145,10864111,31957199,30432031,71412252,68175542,95661469,95719115,20854836,43977680,05294176,99956042,35611530,67958146,34259283,94229882,95755212
84:17:EF 8788962
60:14:B3 37074241,40390727,68290887,66982722,61750081,61750081,24415040,21345845,64536835,85743045,01416992,62750035,86132541,02808604,19003658,23308862,36979578,27187722,68151317,75897697,80181590,02403434,69528866,30697911,74148486,11222729,00041799,25893311,58016190,<empty> ,12345670,20172527,46264848,76229909,62327145,10864111,31957199,30432031,71412252,68175542,95661469,95719115,20854836,43977680,05294176,99956042,35611530,67958146,34259283,94229882,95755212
C8:3D:D4 50201280,61727687,32816327,29425600,75174088,59476160,89698242,15028167,63038385,37827403,56644562,03942130,09186057,17514361,03964101,14810039,90607554,62134774,52342929,70384215,58245200,37000677,64410203,13624613,06044473,23455368,85183049,25185805,69502606,98339082,12345670,20172527,46264848,76229909,62327145,10864111,31957199,30432031,71412252,68175542,95661469,95719115,20854836,43977680,05294176,99956042,35611530,67958146,34259283,94229882,95755212
20:25:64 95975511,67064151,73191513,21556319,11091035,11091035,31979351,73038269,97795568,29915200,61318816,97616061,66318101,61418974,23256705,51511081,71727622,96044698,69571343,36559060,42614593,53370631,97605393,71796642,91951021,87926538,17042758,92863897,16876910,<empty> ,12345670,20172527,46264848,76229909,62327145,10864111,31957199,30432031,71412252,68175542,95661469,95719115,20854836,43977680,05294176,99956042,35611530,67958146,34259283,94229882,95755212
B4:75:0E 22803375
E5:77:76 66120896
AC:3B:77 3157664
24:7F:20 06201432
F8:35:DD 63039788
74:EA:3A 37211202
90:F6:52 95817149
F8:D1:11 41441282,93834186,93802598,37505073
90:F6:52 20917784
90:f6:52 56738209
b0:48:7a 40176451,37493691,57739601,40184708,40166148,61116597,37494506,37494063,37489014,37496081,37494650,37490034
E0:46:9A 19004938
00:25:D3 19004938
E0:91:F5 82234577
30:46:9A 30022645
00:26:F2 2312966
30:46:9A 27334959
00:26:F2 37380342
00:24:B2 38686191
00:26:F2 64426679
EC:1A:59 19366838
08:86:3B 87279320,83469909,14159114,36323364,08112118
94:44:52 15310828,17579957
00:22:75 12885381
94:44:52 29874590,08318725
14:D6:4D 44686871,59185239
